8.62159 -49012 -21115.3
230.05 -48825 -13856.2
230.05 -48563.8 -7402.66
230.05 -48825 -6648.62
230.05 -46698.7 -5468.8
230.05 -45481.7 -3338.89
230.05 -46700 -3729.06
230.05 -47275.4 -4304.57
230.05 -48829.4 -3743.44
230.05 -32293.3 -2158.28
230.05 -40850.1 -2818.94
230.05 -48829 -4684.03
230.05 -47496 -2664.18
338.31 -46334.8 -2668.28
338.31 -49000.1 -2244.19
338.31 -48064.1 -2583.72
338.31 -46609.9 -1832.07
344.13 -45576.8 -1924.29
344.13 -48999.6 -3148.22
344.13 -46787.7 -2115.46
344.13 -16285.6 -718.698
345.463 -46915.4 -2315.27
345.463 -47613.1 -1284.48
345.463 -48640.9 -1213.45
345.463 -42563.1 -835.554
345.463 -44658.4 -1767.66
345.463 -42619.4 -766.62
345.463 -4231.55 -341.622
345.463 -46527.7 -736.927
345.463 -46742.6 -985.757
345.463 -24232.5 -789.937
345.463 -42347.9 -1475.94
345.463 -44993.4 -1616.74
345.463 -43373.9 -1912.35
345.463 -15617.7 -608.662
345.463 -3886.47 -357.524
345.463 -42542.9 -716.153
345.463 -10682.1 -469.763
345.463 -40819.1 -1215.58
345.463 -12276.4 -583.049
345.463 -24629.6 -982.735
345.463 -46057.6 -1465.87
345.463 -42076.4 -1565.36
345.463 -44547.9 -1529.48
345.463 -14795.9 -659.08
357.925 -22290.2 -791.251
357.925 -45527.2 -955.305
357.925 -46699.5 -1255.86
357.925 -10384.2 -420.975
357.925 -40851.7 -1012.19
375.806 -16425.4 -410.183
375.806 -42530.8 -991.557
375.806 -41127.7 -1678.13
381.584 -23375.1 -648.281
392.167 -44850.7 -1044.24
392.167 -23896.7 -720.497
392.167 -3837.02 -304.052
392.167 -26041.4 -427.389
392.167 -3540.28 -189.11
392.167 -3489.85 -198.708
392.167 -46699.3 -1740.91
392.167 -45546.1 -576.841
392.167 -46792.6 -1044.83
392.167 -46532.3 -741.479
392.167 -32731.9 -524.757
392.167 -2560.35 -219.071
392.167 -47322.2 -612.734
392.167 -4089.76 -171.43
392.167 -21773.8 -486.718
392.167 -2106.51 -127.538
392.167 -48841.2 -855.341
392.167 -43736.2 -964.12
392.167 -11447.5 -322.086
392.167 -21036.4 -331.837
392.167 -44647.7 -972.036
392.167 -40662.7 -632.129
392.167 -17147.2 -431.068
392.167 -48824.2 -996.86
392.167 -46166.4 -1139.28
392.167 -34142.9 -1093.13
392.167 -45103.1 -1741.6
392.167 -48419.2 -1560.21
392.167 -15099.9 -522.8
411.247 -39747.8 -1014.76
411.247 -37288.8 -685.48
411.247 -3906.54 -304.066
411.247 -46642.7 -764.897
411.247 -46480.9 -609.401
411.247 -2273.93 -137.822
411.247 -48738.8 -738.604
411.247 -32696.9 -814.161
411.247 -20037 -984.456
411.247 -24569.4 -947.858
411.247 -46347.7 -1614.98
411.247 -28437.1 -1403.06
411.247 -23252 -800.832
411.247 -42219.9 -876.672
411.247 -24326.6 -940.448
411.247 -10137 -302.48
411.247 -5677.34 -296.121
411.247 -48371 -1634.4
411.247 -21939.9 -575.259
411.247 -16102.4 -365.371
411.247 -48569.6 -2752.92
411.247 -17054.4 -517.213
411.247 -38759.5 -612.712
411.247 -37268.9 -859.956
411.247 -4310.7 -393.069
