11.9241 -52390.2 -21690
11.9241 -49010.8 -10884.3
28.6028 -16788.9 -58.5553
28.6028 -16788.9 -90.9912
39.406 -49440.5 -128.665
40.5763 -49437.6 -501.171
57.3729 -28497.3 -90.0766
66.3813 -49001.7 -202.762
68.737 -48916.4 -339.171
79.3801 -48915.4 -331.361
87.1325 -50807.8 -297.995
111.262 -29411.6 -308.048
130.66 -48914.7 -201.769
130.66 -4452.01 64.7842
130.66 -38102.5 -355.873
149.355 -49003.4 -179.105
149.355 -49003.4 -213.342
149.355 -42194.3 -271.512
149.355 -36709.1 -209.792
149.355 -36709.1 -133.017
149.355 -42194.3 -240.292
165.89 -42194.3 -150.491
165.89 -49004.3 -69.7963
181.773 -49007.9 -181.772
181.773 -49007.9 -263.303
181.773 -49037.8 -109.085
181.773 -49037.8 -83.9466
181.773 -49037.8 -60.9178
181.773 -49037.8 -334.011
181.773 -28979.3 69.5909
181.773 -10889.7 133.388
181.773 -49037.8 -30.2211
181.773 -11126.3 89.4466
181.773 -30330.6 58.6417
181.773 -11342.9 106.858
181.773 -11342.9 137.897
181.773 -16650 55.5458
181.773 -10889.7 130.692
181.773 -36555.5 -104.06
181.773 -36555.5 -12.9852
181.773 -10889.7 115.413
181.773 -36555.5 55.9904
181.773 -16650 98.2833
181.773 -11342.9 54.9192
181.773 -36555.5 -298.28
181.773 -30330.6 41.7845
181.773 -49037.8 -103.426
181.773 -49037.8 -49.886
181.773 -16650 -46.2447
181.773 -28979.3 37.3921
181.773 -16650 66.7921
181.773 -36555.5 -204.521
181.773 -49037.8 -131.404
181.773 -49008.6 34.7711
181.773 -36555.5 -26.7032
181.773 -16650 52.2016
181.773 -49037.8 -70.3188
181.773 -36555.5 15.6096
181.773 -30330.6 39.9001
181.773 -30330.6 6.11616
181.773 -30330.6 -3.3829
181.773 -36555.5 -67.1905
181.773 -49037.8 -71.2559
181.773 -49037.8 1.48799
181.773 -30330.6 -35.8323
181.773 -31200 -31.3209
181.773 -30330.6 36.6686
181.773 -3370.03 160.467
181.773 -16650 36.5585
181.773 -49037.8 -71.3142
181.773 -49037.8 -64.6322
181.773 -28979.3 70.6036
181.773 -28979.3 -10.0582
181.773 -28979.3 55.0771
181.773 -49037.8 -64.808
181.773 -30330.6 -265.611
181.773 -36555.5 -46.4355
181.773 -49037.8 1.467
181.773 -16650 49.6535
181.773 -49037.8 -78.8097
181.773 -16650 15.1485
181.773 -36555.5 -74.8947
181.773 -36555.5 59.3811
181.773 -49037.8 18.6954
181.773 -11342.9 110.765
181.773 -28979.3 47.0204
181.773 -16650 105.961
181.773 -16650 102.119
181.773 -30330.6 -139.238
181.773 -49037.8 -184.208
181.773 -49037.8 -77.2271
181.773 -28979.3 55.2424
181.773 -49037.8 -147.163
181.773 -49037.8 -27.4136
181.773 -30414 -81.2412
181.773 -30330.6 -137.159
181.773 -28979.3 -20.9392
181.773 -49037.8 35.5579
181.773 -49037.8 -158.892
181.773 -28979.3 48.0167
181.773 -36555.5 -37.5317
181.773 -28979.3 41.0379
181.773 -49037.8 -266.995
181.773 -11342.9 103.813
181.773 -49037.8 -96.2476
181.773 -28979.3 42.3734
181.773 -36555.5 24.2328
181.773 -36555.5 -7.49237
181.773 -11342.9 -11.1002
181.773 -28979.3 -14.3541
181.773 -36555.5 -2066.87
181.773 -28979.3 -21.2452
181.773 -49037.8 -26.9183
181.773 -36555.5 3.57888
181.773 -49037.8 -46.2965
181.773 -36555.5 -141.962
181.773 -49037.8 -156.91
181.773 -28979.3 -116.519
181.773 -49037.8 -140.062
181.773 -49037.8 -208.963
181.773 -36590.2 -87.8566
181.773 -16650 125.498
181.773 -28979.3 62.1384
181.773 -16650 49.0777

